,subject_id,best_channel,sdrr_ch1,long_ibi_count_ch1,rmssd_ch1,pnn50_ch1,total_rank_ch1,sdrr_rank_ch1,long_ibi_count_rank_ch1,rmssd_rank_ch1,pnn50_rank_ch1,sdrr_ch0,long_ibi_count_ch0,rmssd_ch0,pnn50_ch0,total_rank_ch0,sdrr_rank_ch0,long_ibi_count_rank_ch0,rmssd_rank_ch0,pnn50_rank_ch0,sdrr_ch2,long_ibi_count_ch2,rmssd_ch2,pnn50_ch2,total_rank_ch2,sdrr_rank_ch2,long_ibi_count_rank_ch2,rmssd_rank_ch2,pnn50_rank_ch2
0,01,ch0,107.48154130412699,1.0,128.02228400677805,11.849710982658959,6.5,2.0,4.0,1.0,-0.5,24.041429852288605,0.0,27.159986995891977,10.372340425531915,2.5,1.0,2.0,0.5,-1.0,,,,,,,,,
1,02,ch1,1270.8026786579885,28.0,1682.305288806334,61.016949152542374,4.0,1.0,4.0,0.5,-1.5,1327.0603596362,27.0,1792.2232858397713,71.17117117117117,6.0,3.0,2.0,1.5,-0.5,1324.275000647075,28.0,1766.521678125042,66.96428571428571,8.0,2.0,6.0,1.0,-1.0
2,03,ch2,37.4242395554717,0.0,48.85407258523352,4.489795918367347,8.0,3.0,4.0,1.5,-0.5,15.770685751041906,0.0,18.74974949732462,2.80561122244489,6.0,1.0,6.0,0.5,-1.5,34.65394244775451,0.0,45.65587968261586,4.471544715447155,4.0,2.0,2.0,1.0,-1.0
3,04,ch0,95.25533780881743,2.0,132.7708275058176,14.489311163895488,9.5,3.0,6.0,1.5,-1.0,36.26321325436572,0.0,44.7366781329411,8.796296296296296,2.0,1.0,2.0,0.5,-1.5,74.08914529095526,1.0,102.53021106250863,17.81472684085511,6.5,2.0,4.0,1.0,-0.5
4,06,ch0,78.14042169969359,1.0,110.01714685784087,16.164383561643834,8.0,2.0,6.0,1.0,-1.0,36.20249574932097,0.0,37.84845432122023,7.142857142857142,2.0,1.0,2.0,0.5,-1.5,90.2194169812996,1.0,123.69725663665717,21.1864406779661,8.0,3.0,4.0,1.5,-0.5
5,07,ch0,40.97428719524417,0.0,46.481655978543245,5.5045871559633035,7.5,3.0,4.0,1.5,-1.0,39.55377712879169,0.0,45.56667736284456,5.214723926380368,3.5,2.0,2.0,1.0,-1.5,38.88986956684525,0.0,44.86137183509694,7.01219512195122,7.0,1.0,6.0,0.5,-0.5
6,08,ch2,,,,,,,,,,21.928693302100044,0.0,9.669364715196409,0.0,4.5,1.0,4.0,0.5,-1.0,52.5961161733002,0.0,75.8345853641292,12.048192771084338,4.5,2.0,2.0,1.0,-0.5
7,09,ch1,38.264499063737674,0.0,29.900138407077687,3.91644908616188,2.0,1.0,2.0,0.5,-1.5,105.7902241456564,2.0,145.7108315740279,45.91029023746702,10.0,3.0,6.0,1.5,-0.5,66.7484584837486,1.0,78.17796537921241,9.375,6.0,2.0,4.0,1.0,-1.0
8,10,ch0,112.38935805461621,3.0,157.31324416629215,7.901234567901234,9.5,3.0,6.0,1.5,-1.0,31.155684827090788,0.0,34.091020035470095,12.470588235294118,3.0,1.0,2.0,0.5,-0.5,69.68219492040222,2.0,88.89518669122344,6.265060240963856,5.5,2.0,4.0,1.0,-1.5
9,11,ch0,37.52322245100452,0.0,31.608100227631525,2.8000000000000003,5.5,2.0,4.0,1.0,-1.5,35.087118825873574,0.0,31.48341857488304,8.870967741935484,2.5,1.0,2.0,0.5,-1.0,87.65750090873419,1.0,121.02648094904309,24.380165289256198,10.0,3.0,6.0,1.5,-0.5
10,12,ch0,,,,,,,,,,639.1955801850885,10.0,851.590197335274,32.34567901234568,3.0,1.0,2.0,0.5,-0.5,,,,,,,,,
11,14,ch1,36.50640485205736,0.0,32.62401023383812,2.1868787276341948,2.5,1.0,2.0,0.5,-1.0,36.912384636552716,0.0,39.74195036793764,18.650793650793652,6.5,2.0,4.0,1.0,-0.5,,,,,,,,,
12,15,ch0,174.8558599318608,6.0,238.18353776199294,60.526315789473685,6.0,2.0,4.0,1.0,-1.0,169.4854711310433,6.0,233.11697325551873,56.656346749226,2.0,1.0,2.0,0.5,-1.5,210.2769612664205,8.0,293.3878134669351,69.0909090909091,10.0,3.0,6.0,1.5,-0.5
13,16,ch0,,,,,,,,,,263.18383070843805,10.0,365.22032507070145,64.38356164383562,3.0,1.0,2.0,0.5,-0.5,,,,,,,,,
14,17,ch1,36.61436019086968,0.0,37.78929859210014,3.8860103626943006,4.0,2.0,2.0,1.0,-1.0,90.78215020777783,0.0,118.17185171800237,33.65384615384615,8.0,3.0,4.0,1.5,-0.5,28.764864355651717,0.0,29.061337851213075,2.088772845953003,6.0,1.0,6.0,0.5,-1.5
15,19,ch2,220.69139925112606,10.0,309.60270699313077,56.655290102389074,6.5,2.0,4.0,1.0,-0.5,,,,,,,,,,152.57414375541643,4.0,208.68527033807337,53.89408099688473,2.5,1.0,2.0,0.5,-1.0
16,21,ch0,,,,,,,,,,65.93701468242426,0.0,75.33975187303514,23.743016759776538,3.0,1.0,2.0,0.5,-0.5,,,,,,,,,
17,22,ch0,,,,,,,,,,1671.4186789759506,31.0,2317.536496176729,53.333333333333336,3.0,1.0,2.0,0.5,-0.5,,,,,,,,,
18,23,ch0,159.2210375259554,1.0,220.89802701201657,13.672922252010725,6.0,3.0,2.0,1.5,-0.5,83.91027929658682,1.0,106.89841907156533,10.933333333333334,4.0,1.0,4.0,0.5,-1.5,158.73606281591424,1.0,218.784240748734,13.600000000000001,8.0,2.0,6.0,1.0,-1.0
19,25,ch0,91.3275893426258,1.0,97.5405794228553,27.439024390243905,4.0,1.0,4.0,0.5,-1.5,103.33124579733958,0.0,115.545477994727,39.221556886227546,4.0,2.0,2.0,1.0,-1.0,124.34037646504093,3.0,160.58099096214687,39.75155279503105,10.0,3.0,6.0,1.5,-0.5
20,26,ch1,89.94365533634712,2.0,116.10847470178102,8.89487870619946,4.0,1.0,4.0,0.5,-1.5,108.90298956072603,1.0,148.94420887866224,27.22371967654987,4.5,2.0,2.0,1.0,-0.5,130.90412633118706,5.0,174.75036354880513,13.736263736263737,9.5,3.0,6.0,1.5,-1.0
21,27,ch1,157.80090398718633,5.0,214.63579571958064,45.95300261096606,4.5,2.0,2.0,1.0,-0.5,,,,,,,,,,154.93708329178696,6.0,199.46544203657163,42.780748663101605,4.5,1.0,4.0,0.5,-1.0
22,28,ch0,101.92233678477467,2.0,130.05376704744972,21.96969696969697,5.5,2.0,4.0,1.0,-1.5,50.093787618067005,0.0,52.15750012488241,23.373493975903614,2.5,1.0,2.0,0.5,-1.0,112.9012939252596,2.0,150.83536234140624,26.13065326633166,10.0,3.0,6.0,1.5,-0.5
23,30,ch1,37.20429024154249,0.0,43.427480145019146,5.396825396825397,4.0,2.0,2.0,1.0,-1.0,22.702841644648526,0.0,18.00780803317673,2.8753993610223643,4.0,1.0,4.0,0.5,-1.5,132.22057044476952,3.0,175.94140973919968,17.28813559322034,10.0,3.0,6.0,1.5,-0.5
24,31,ch2,47.30741085527402,0.0,42.9781771523666,10.824742268041238,4.5,1.0,4.0,0.5,-1.0,150.42005552505057,6.0,201.65018946939642,18.75,10.0,3.0,6.0,1.5,-0.5,58.97649900651051,0.0,54.75573124492692,9.895833333333332,3.5,2.0,2.0,1.0,-1.5
25,32,ch0,89.92857798945387,0.0,160.03421972340723,74.66307277628033,6.0,1.0,6.0,0.5,-1.5,92.53362891756626,0.0,165.13554018056732,75.74123989218329,6.0,3.0,2.0,1.5,-0.5,92.35707881659953,0.0,164.04598822698856,74.93261455525607,6.0,2.0,4.0,1.0,-1.0
26,33,ch0,73.44171824893604,0.0,73.65829805116917,22.756410256410255,6.0,2.0,4.0,1.0,-1.0,62.57124312015734,0.0,56.4227856839466,19.741100323624593,2.0,1.0,2.0,0.5,-1.5,98.06775130491744,1.0,123.28805122017182,30.407523510971785,10.0,3.0,6.0,1.5,-0.5
27,34,ch1,42.78772289390358,0.0,23.455480045386924,4.5584045584045585,4.0,1.0,4.0,0.5,-1.5,44.04630494982786,0.0,29.158277181704822,7.6923076923076925,6.0,3.0,2.0,1.5,-0.5,42.81339764153293,0.0,23.515952032609693,4.843304843304843,8.0,2.0,6.0,1.0,-1.0
28,35,ch2,54.12316451371524,1.0,64.903468635843,8.433734939759036,6.5,2.0,4.0,1.0,-0.5,,,,,,,,,,43.49874585997837,0.0,46.21972693444582,7.655502392344498,2.5,1.0,2.0,0.5,-1.0
29,36,ch1,166.69384089318862,4.0,220.6617081480501,43.401759530791786,2.0,1.0,2.0,0.5,-1.5,177.12345561758121,8.0,235.37314692352425,46.646341463414636,6.0,2.0,4.0,1.0,-1.0,271.0791387462758,16.0,367.48258723792196,56.08974358974359,10.0,3.0,6.0,1.5,-0.5
30,37,ch1,73.0788381218084,0.0,102.30548190545302,27.209302325581397,4.0,2.0,2.0,1.0,-1.0,57.506100796935414,0.0,79.90629616170277,21.709006928406467,4.0,1.0,4.0,0.5,-1.5,137.1873808815033,1.0,191.75398114697458,41.3265306122449,10.0,3.0,6.0,1.5,-0.5
31,39,ch0,184.62942535045158,6.0,259.1512770730682,18.817204301075268,5.5,2.0,4.0,1.0,-1.5,95.40185836257587,1.0,121.60169079494118,32.460732984293195,3.0,1.0,2.0,0.5,-0.5,254.2823025169439,11.0,353.1939538186979,26.76056338028169,9.5,3.0,6.0,1.5,-1.0
32,40,ch2,30.23503419461138,0.0,18.692268210910008,2.89532293986637,6.0,1.0,6.0,0.5,-1.5,30.456315221105047,0.0,19.45544850715859,3.34075723830735,6.0,2.0,4.0,1.0,-1.0,39.04728423980425,0.0,40.890558540790046,6.444444444444445,6.0,3.0,2.0,1.5,-0.5
33,41,ch2,26.989321279567804,0.0,13.188051633291135,0.4705882352941176,5.5,2.0,4.0,1.0,-1.5,27.334702783269016,0.0,14.868521822174205,1.1764705882352942,10.0,3.0,6.0,1.5,-0.5,26.97798544046329,0.0,13.185107463480508,0.7058823529411765,2.5,1.0,2.0,0.5,-1.0
34,42,ch1,42.62180400096959,0.0,38.54461461260468,2.949852507374631,4.0,1.0,4.0,0.5,-1.5,58.86972851910858,0.0,51.41764204087424,6.956521739130435,6.0,3.0,2.0,1.5,-0.5,46.159666384832256,0.0,41.695111859079795,3.823529411764706,8.0,2.0,6.0,1.0,-1.0
35,43,ch1,19.068193386226593,0.0,15.650133119774626,0.6666666666666667,2.0,1.0,2.0,0.5,-1.5,35.533595966605716,0.0,50.09243112116978,11.258278145695364,10.0,3.0,6.0,1.5,-0.5,29.394319406358587,0.0,38.52222914220609,5.56792873051225,6.0,2.0,4.0,1.0,-1.0
36,44,ch0,778.6749718255079,46.0,1057.547876340683,73.11827956989248,7.5,3.0,4.0,1.5,-1.0,659.0870746646833,45.0,880.7348749765732,80.5,3.0,1.0,2.0,0.5,-0.5,758.2808921176091,50.0,914.8559324009329,72.6775956284153,7.5,2.0,6.0,1.0,-1.5
37,45,ch0,,,,,,,,,,1385.855255155747,17.0,1936.440963333923,31.716417910447763,3.0,1.0,2.0,0.5,-0.5,,,,,,,,,
38,46,ch0,59.15331460782579,1.0,70.32335091710667,5.7894736842105265,9.5,3.0,6.0,1.5,-1.0,42.498218042302724,0.0,43.16233248064466,5.7441253263707575,3.0,2.0,2.0,0.5,-1.5,42.4935737795404,0.0,44.61883362590427,6.806282722513089,5.5,1.0,4.0,1.0,-0.5
39,47,ch0,166.29289466901918,5.0,213.92617783574212,18.711018711018713,6.0,2.0,4.0,1.0,-1.0,153.30737256043383,4.0,205.2803716669851,38.01652892561984,3.0,1.0,2.0,0.5,-0.5,,,,,,,,,
40,48,ch1,163.12543343637708,4.0,220.64460874298953,12.244897959183673,3.0,1.0,2.0,0.5,-0.5,,,,,,,,,,,,,,,,,,
41,49,ch0,,,,,,,,,,430.06277343801605,20.0,538.8609963382142,24.458204334365323,3.0,1.0,2.0,0.5,-0.5,,,,,,,,,
42,50,ch2,33.49282349457826,0.0,42.900110735682105,19.954648526077097,6.0,3.0,2.0,1.5,-0.5,21.960240152006158,0.0,10.971889214769554,0.22624434389140274,8.0,2.0,6.0,1.0,-1.0,21.74960990530465,0.0,9.943263082390185,0.0,4.0,1.0,4.0,0.5,-1.5
43,51,ch2,,,,,,,,,,,,,,,,,,,272.34108356561,4.0,391.46339506256913,27.173913043478258,3.0,1.0,2.0,0.5,-0.5
44,52,ch1,54.55948880692862,0.0,67.70077452876644,8.974358974358974,3.5,2.0,2.0,1.0,-1.5,51.214766410786034,0.0,61.905117637749385,11.282051282051283,4.5,1.0,4.0,0.5,-1.0,79.55845290095444,1.0,104.02042439395964,12.56544502617801,10.0,3.0,6.0,1.5,-0.5
45,53,ch1,35.99881577559459,0.0,41.416462542873184,2.4456521739130435,2.5,1.0,2.0,1.0,-1.5,49.91854955078795,0.0,54.633328032574525,9.042553191489363,10.0,3.0,6.0,1.5,-0.5,37.93607682959918,0.0,31.57019827867476,2.956989247311828,5.5,2.0,4.0,0.5,-1.0
46,54,ch0,24.851164540947547,0.0,19.762759591379606,1.5384615384615385,6.0,1.0,6.0,0.5,-1.5,44.991757900669505,0.0,54.376861236877986,13.924050632911392,6.0,3.0,2.0,1.5,-0.5,35.38602028388317,0.0,40.195155307624844,5.86734693877551,6.0,2.0,4.0,1.0,-1.0
47,55,ch0,,,,,,,,,,27.775781009415958,0.0,27.287167291726757,2.6252983293556085,2.5,1.0,2.0,0.5,-1.0,65.5131295578115,1.0,88.88565391795271,7.913669064748201,6.5,2.0,4.0,1.0,-0.5
48,56,ch2,87.07687152033894,3.0,125.23404953996778,9.45273631840796,10.0,3.0,6.0,1.5,-0.5,16.324374305259543,0.0,10.502174683222664,0.0,4.0,1.0,4.0,0.5,-1.5,32.33090272204629,0.0,43.843292525960095,2.4154589371980677,4.0,2.0,2.0,1.0,-1.0
49,57,ch1,92.57774894107921,1.0,117.38714945488223,6.153846153846154,2.5,1.0,2.0,0.5,-1.0,,,,,,,,,,128.23527431143316,2.0,153.9810594413049,10.666666666666668,6.5,2.0,4.0,1.0,-0.5
50,58,ch0,149.87702170317965,5.0,206.60060998988547,16.3855421686747,6.0,2.0,4.0,1.0,-1.0,42.60709344362315,0.0,61.857868760585426,27.828054298642535,3.0,1.0,2.0,0.5,-0.5,,,,,,,,,
51,59,ch0,1197.330361190318,2.0,1696.512141150314,7.887323943661972,8.5,2.0,6.0,1.0,-0.5,1194.79966733622,2.0,1692.7945932729126,7.002801120448179,2.0,1.0,2.0,0.5,-1.5,1204.841148787821,2.0,1699.9223800852221,7.303370786516854,7.5,3.0,4.0,1.5,-1.0
52,60,ch0,120.37167307751211,7.0,173.28066573963463,9.32642487046632,8.5,2.0,6.0,1.0,-0.5,115.3731444489725,3.0,161.7598391740677,8.354430379746836,2.0,1.0,2.0,0.5,-1.5,215.61911364943361,7.0,299.7371493419729,9.239130434782608,7.5,3.0,4.0,1.5,-1.0
53,61,ch1,69.85251565806776,0.0,82.6003875435604,18.435754189944134,4.0,1.0,4.0,0.5,-1.5,77.56146299796409,0.0,101.19659431166698,40.896358543417364,4.5,2.0,2.0,1.0,-0.5,109.03093824463538,3.0,135.47128319842759,23.142857142857142,9.5,3.0,6.0,1.5,-1.0
54,62,ch2,39.52379950438844,0.0,46.218201174598605,0.6912442396313364,5.5,3.0,2.0,1.5,-1.0,28.656538986984685,0.0,27.73721707398156,9.63302752293578,8.5,2.0,6.0,1.0,-0.5,27.558690642467724,0.0,22.610799982797356,0.6896551724137931,4.0,1.0,4.0,0.5,-1.5
55,63,ch0,154.17804047536467,5.0,207.9269396804992,53.06122448979592,6.5,2.0,4.0,1.0,-0.5,134.88032114591505,4.0,184.23505814650562,49.01477832512315,2.0,1.0,2.0,0.5,-1.5,168.30129576360835,7.0,225.95795494427145,52.98701298701298,9.5,3.0,6.0,1.5,-1.0
56,64,ch1,215.51772769959598,5.0,220.88403062637866,8.262108262108262,3.0,1.0,2.0,0.5,-0.5,,,,,,,,,,282.26978765761106,6.0,311.45854096576767,8.16326530612245,6.0,2.0,4.0,1.0,-1.0
57,65,ch2,103.96755500665464,2.0,142.1447870172891,11.428571428571429,9.5,3.0,6.0,1.5,-1.0,58.42190351704166,1.0,80.8489050918159,20.909090909090907,4.5,2.0,2.0,1.0,-0.5,56.14639142541599,1.0,77.46061226900575,5.949656750572083,4.0,1.0,4.0,0.5,-1.5
58,66,ch0,106.48715028686664,4.0,151.30633185893464,6.336088154269973,9.0,3.0,6.0,1.5,-1.5,48.187513361056,0.0,65.3378105740973,6.434316353887399,2.5,1.0,2.0,0.5,-1.0,85.5306651858329,1.0,112.68151564006472,8.539944903581267,6.5,2.0,4.0,1.0,-0.5
59,68,ch1,24.362478293910602,0.0,26.356222897769193,0.7281553398058253,2.5,1.0,2.0,0.5,-1.0,,,,,,,,,,93.36410283537438,3.0,124.1562322237591,10.75,6.5,2.0,4.0,1.0,-0.5
60,69,ch2,214.66727487085163,8.0,211.47757856039073,13.506493506493506,4.0,1.0,4.0,0.5,-1.5,332.69705326425793,18.0,387.31188796508405,49.279538904899134,10.0,3.0,6.0,1.5,-0.5,278.99065958334836,8.0,256.9449694649291,14.133333333333335,4.0,2.0,2.0,1.0,-1.0
61,71,ch0,,,,,,,,,,26.463138751657716,0.0,28.936462129633437,8.695652173913043,3.0,1.0,2.0,0.5,-0.5,,,,,,,,,
62,72,ch0,54.81267242603788,0.0,43.52076413126389,8.130081300813007,5.5,3.0,2.0,1.5,-1.0,41.64615120644711,0.0,30.248420490147257,8.264462809917356,5.0,1.0,4.0,0.5,-0.5,47.388232106538084,0.0,36.76085765780914,7.377049180327869,7.5,2.0,6.0,1.0,-1.5
63,74,ch0,219.1297496484877,11.0,280.27775011706245,16.913946587537094,5.5,2.0,4.0,1.0,-1.5,179.44228412872297,8.0,244.53520220262575,19.476744186046513,2.5,1.0,2.0,0.5,-1.0,254.29229430332506,13.0,324.64751514667273,21.818181818181817,10.0,3.0,6.0,1.5,-0.5
64,75,ch0,167.33182069978952,8.0,212.84859180936658,9.214092140921409,6.0,2.0,4.0,1.0,-1.0,117.3397633286307,3.0,150.8334826014576,12.105263157894736,3.0,1.0,2.0,0.5,-0.5,,,,,,,,,
65,76,ch0,366.038984650124,14.0,468.8112252413339,47.368421052631575,6.5,2.0,4.0,1.0,-0.5,279.3929195094802,13.0,358.43722932812244,40.0,2.5,1.0,2.0,0.5,-1.0,,,,,,,,,
66,77,ch2,72.6794424237984,1.0,95.36985811075517,2.663934426229508,5.5,3.0,2.0,1.5,-1.0,61.9152646426947,1.0,81.43639746007752,28.189300411522634,8.5,2.0,6.0,1.0,-0.5,57.15631538169397,1.0,61.62385901580653,2.459016393442623,4.0,1.0,4.0,0.5,-1.5
67,78,ch0,,,,,,,,,,98.61766060307671,1.0,119.7732164410031,12.987012987012985,3.0,1.0,2.0,0.5,-0.5,,,,,,,,,
68,79,ch0,,,,,,,,,,224.73532537572922,7.0,295.73045606684246,40.21164021164021,3.0,1.0,2.0,0.5,-0.5,,,,,,,,,
69,80,ch1,38.02004852930732,0.0,44.04692068373744,3.619909502262444,3.0,2.0,2.0,0.5,-1.5,62.859720365624,0.0,81.78554273219687,24.31818181818182,9.5,3.0,6.0,1.5,-1.0,36.658163472616074,0.0,47.65827275477658,31.991051454138702,5.5,1.0,4.0,1.0,-0.5
70,81,ch0,186.2970406442104,4.0,269.0517531593805,35.483870967741936,5.5,2.0,4.0,1.0,-1.5,180.5356061433419,3.0,252.361929534272,44.927536231884055,3.0,1.0,2.0,0.5,-0.5,212.4588272102465,5.0,296.3407470225191,37.21804511278196,9.5,3.0,6.0,1.5,-1.0
71,82,ch0,141.151688604961,3.0,195.25882747967597,9.466019417475728,6.0,2.0,4.0,1.0,-1.0,24.619903692355482,0.0,16.435462389696667,2.0737327188940093,2.0,1.0,2.0,0.5,-1.5,160.54944178630896,8.0,203.52061445054926,13.164556962025317,10.0,3.0,6.0,1.5,-0.5
72,84,ch1,115.8660383212398,5.0,151.87549573577084,6.3711911357340725,2.0,1.0,2.0,0.5,-1.5,149.99407613922702,8.0,204.92890069908808,15.126050420168067,6.0,2.0,4.0,1.0,-1.0,235.36978405376033,10.0,328.04638239587575,19.033232628398792,10.0,3.0,6.0,1.5,-0.5
73,85,ch0,,,,,,,,,,622.9175424140802,32.0,776.1589024754479,77.7027027027027,3.0,1.0,2.0,0.5,-0.5,,,,,,,,,
74,86,ch1,30.98131284558339,0.0,25.52057993071474,3.0,4.5,1.0,4.0,0.5,-1.0,35.53633525046885,0.0,37.55521897635279,2.763819095477387,5.0,3.0,2.0,1.5,-1.5,32.9075337362627,0.0,29.421775910974695,3.2418952618453867,8.5,2.0,6.0,1.0,-0.5
75,87,ch0,,,,,,,,,,159.06236627788826,5.0,222.3730642639637,48.40579710144928,2.5,1.0,2.0,0.5,-1.0,271.8144862883865,9.0,366.6236420177559,75.0,6.5,2.0,4.0,1.0,-0.5
76,88,ch0,,,,,,,,,,196.9490517793711,6.0,224.81779439796597,19.661016949152543,3.0,1.0,2.0,0.5,-0.5,,,,,,,,,
77,89,ch1,62.22476453937885,0.0,68.19135286867834,10.303030303030303,2.5,1.0,2.0,0.5,-1.0,,,,,,,,,,192.42346079710327,8.0,256.793469360185,34.899328859060404,6.5,2.0,4.0,1.0,-0.5
78,90,ch1,30.035292702495862,0.0,20.637565043121995,1.2626262626262625,2.5,1.0,2.0,0.5,-1.0,47.80579673621561,0.0,55.513410032778,18.341708542713565,6.5,2.0,4.0,1.0,-0.5,,,,,,,,,
